Balanced accuracy: 0.9231825521779813
Precision: 0.95421742646327
Recall: 0.9534358047016275
F1: 0.9527529580558733

